[32mWaf: Entering directory `/home/parallels/Desktop/NS3/ns-allinone-3.26/ns-3.26/build'[0m
[1765/1903] Compiling [32mscratch/wenxin/p3.cc[0m
[1855/1903] Linking [33mbuild/scratch/wenxin/wenxin[0m
[32mWaf: Leaving directory `/home/parallels/Desktop/NS3/ns-allinone-3.26/ns-3.26/build'[0m
[32mBuild commands will be stored in build/compile_commands.json[0m
[32m'build' finished successfully (3.522s)[0m
Nix Vector Enabled 
1 0 0
1 0 10
1 0 20
1 0 29
1 0 40
1 0 50
1 0 59
1 0 70
1 0 80
2 0 89
2 0 100
3 0 110
3 0 119
6 0 130
6 0 140
8 0 149
11 0 160
13 0 170
13 0 179
15 0 190
17 0 200
23 0 209
26 0 220
31 0 230
40 0 239
48 0 250
61 0 260
66 0 270
72 0 280
86 0 289
109 0 299
137 0 309
162 0 320
184 0 330
217 0 340
259 0 350
281 0 359
326 0 369
400 0 380
461 0 390
531 0 400
600 0 410
673 0 419
748 0 429
836 0 440
908 0 450
967 0 460
1036 0 470
1110 0 479
1208 0 489
1293 0 500
1366 0 510
1438 0 520
1490 0 530
1541 0 540
1602 0 550
1643 0 560
1685 0 570
1720 0 579
1758 0 589
1782 0 599
1822 0 609
1842 0 619
1865 0 630
1891 0 640
1916 0 650
1934 0 660
1947 0 670
1958 0 680
1974 0 690
1989 0 700
1999 0 709
2005 0 719
2009 0 729
2014 0 739
2020 0 750
2028 0 760
2030 0 770
2032 0 780
2032 0 790
2039 0 800
2041 0 810
2042 0 820
2042 0 830
2042 0 839
2044 0 849
2044 0 859
2044 0 869
2045 0 880
2046 0 890
2047 0 900
2047 0 910
2047 0 920
2047 0 930
2048 0 940
2048 0 950
2048 0 959
2048 0 969
2048 0 979
2048 0 989
